D TCP TCP_het_alpha TCP_het_vol TCP_het_both
0.000000000000000000e+00 0.000000000000000000e+00 0.000000000000000000e+00 0.000000000000000000e+00 0.000000000000000000e+00
2.000000000000000000e+00 0.000000000000000000e+00 0.000000000000000000e+00 0.000000000000000000e+00 0.000000000000000000e+00
4.000000000000000000e+00 0.000000000000000000e+00 0.000000000000000000e+00 0.000000000000000000e+00 0.000000000000000000e+00
6.000000000000000000e+00 0.000000000000000000e+00 0.000000000000000000e+00 0.000000000000000000e+00 0.000000000000000000e+00
8.000000000000000000e+00 0.000000000000000000e+00 0.000000000000000000e+00 0.000000000000000000e+00 0.000000000000000000e+00
1.000000000000000000e+01 0.000000000000000000e+00 0.000000000000000000e+00 0.000000000000000000e+00 0.000000000000000000e+00
1.200000000000000000e+01 0.000000000000000000e+00 0.000000000000000000e+00 0.000000000000000000e+00 1.402751306206159813e-311
1.400000000000000000e+01 0.000000000000000000e+00 0.000000000000000000e+00 0.000000000000000000e+00 6.355061152712734358e-70
1.600000000000000000e+01 0.000000000000000000e+00 0.000000000000000000e+00 0.000000000000000000e+00 1.404938304709031754e-18
1.800000000000000000e+01 0.000000000000000000e+00 0.000000000000000000e+00 0.000000000000000000e+00 1.139727155955155623e-07
2.000000000000000000e+01 0.000000000000000000e+00 0.000000000000000000e+00 0.000000000000000000e+00 2.369519134414344385e-05
2.200000000000000000e+01 0.000000000000000000e+00 0.000000000000000000e+00 1.311315461199758720e-269 7.364350157849600825e-05
2.400000000000000000e+01 0.000000000000000000e+00 1.132458037994614999e-109 5.203739216987251503e-117 9.666577349224033408e-05
2.600000000000000000e+01 0.000000000000000000e+00 2.508029613087552888e-24 2.528785573717926089e-52 2.217320178930718008e-04
2.800000000000000000e+01 0.000000000000000000e+00 2.116109743586629061e-07 6.661621062785007596e-25 7.484525946379291025e-04
3.000000000000000000e+01 0.000000000000000000e+00 1.136049748854554191e-03 2.800331170096175976e-13 3.098357263323755963e-03
3.200000000000000000e+01 0.000000000000000000e+00 1.414882157499340945e-02 2.368478612521071771e-08 1.617619972366355838e-02
3.400000000000000000e+01 0.000000000000000000e+00 4.082558136722565234e-02 2.906283893998155843e-06 4.248984018860887946e-02
3.600000000000000000e+01 0.000000000000000000e+00 7.533271200292977754e-02 2.317418983058148953e-05 7.707249195810506048e-02
3.800000000000000000e+01 0.000000000000000000e+00 1.170381183682202286e-01 6.702350457215845410e-05 1.186187244802347357e-01
4.000000000000000000e+01 0.000000000000000000e+00 1.625940072386664048e-01 1.323786155638719008e-04 1.635706351046364859e-01
4.200000000000000000e+01 0.000000000000000000e+00 2.084853110971614520e-01 2.227754104160038968e-04 2.092251523400643354e-01
4.400000000000000000e+01 3.113412196321785932e-247 2.531241990438522493e-01 3.905374587607352292e-04 2.539498140421204697e-01
4.600000000000000000e+01 3.204114606615788528e-105 2.968626253115385638e-01 7.981761845048182666e-04 2.975634211778231952e-01
4.800000000000000000e+01 5.068014658106398959e-45 3.397365461296924516e-01 1.749491143094739987e-03 3.403552325411008939e-01
5.000000000000000000e+01 1.672119454348776531e-19 3.820440011434301786e-01 3.817962084359500987e-03 3.824326476935319685e-01
5.200000000000000000e+01 1.097835571274830411e-08 4.240427781595654810e-01 9.179842222354571077e-03 4.244351939376280747e-01
5.400000000000000000e+01 4.226504544820872187e-04 4.650818951572501803e-01 2.604889047487807252e-02 4.658687201624459040e-01
5.600000000000000000e+01 3.713235246029851500e-02 5.047301117874880561e-01 8.641671653255850183e-02 5.054910224057698187e-01
5.800000000000000000e+01 2.475811834788036181e-01 5.421701047393583384e-01 2.587308993139010860e-01 5.424608797839950425e-01
6.000000000000000000e+01 5.533459312634033678e-01 5.768061755546398661e-01 5.233147667426556460e-01 5.769876940745537475e-01
6.200000000000000000e+01 7.781372966637474242e-01 6.089686628245505329e-01 7.488107751668393597e-01 6.091045585759095049e-01
6.400000000000000000e+01 8.991221641813342824e-01 6.392508776776038015e-01 8.821695900525772238e-01 6.391946440937498197e-01
6.600000000000000000e+01 9.559248121855612457e-01 6.675413659307993797e-01 9.477676525503637706e-01 6.675051894710058997e-01
6.800000000000000000e+01 9.810736581562731207e-01 6.938147463252445357e-01 9.774275793457439798e-01 6.941248262786098300e-01
7.000000000000000000e+01 9.919329390726918660e-01 7.183213285818690341e-01 9.903524258690413751e-01 7.190018923419421171e-01
7.200000000000000000e+01 9.965723903193949296e-01 7.411289564044197808e-01 9.958960452824867637e-01 7.418315510098880683e-01
7.400000000000000000e+01 9.985455980803357168e-01 7.623203920295976710e-01 9.982577448019739341e-01 7.626847675827751472e-01
7.600000000000000000e+01 9.993832201007953886e-01 7.820796788928542354e-01 9.992609917788576324e-01 7.821498457122154635e-01
7.800000000000000000e+01 9.997385003474568155e-01 8.005225581221308007e-01 9.996866504482402327e-01 8.005907984261612098e-01
8.000000000000000000e+01 9.998891418668651720e-01 8.177307565981174475e-01 9.998671559776065587e-01 8.179082970443078970e-01
8.200000000000000000e+01 9.999530057029595298e-01 8.337485117176620664e-01 9.999436846734368611e-01 8.340623825687432102e-01
8.400000000000000000e+01 9.999800788335238000e-01 8.486364038629604645e-01 9.999761274298422098e-01 8.491584375254522810e-01
8.600000000000000000e+01 9.999915553630147613e-01 8.625851727214400855e-01 9.999898803228983724e-01 8.632579077667814627e-01
8.800000000000000000e+01 9.999964203071064484e-01 8.757543165928572959e-01 9.999957102501038086e-01 8.763691660389195670e-01
9.000000000000000000e+01 9.999984825655291454e-01 8.882420965782014122e-01 9.999981815708974819e-01 8.885732790539451198e-01
9.200000000000000000e+01 9.999993567587851517e-01 9.001736489751939185e-01 9.999992291668464706e-01 9.000910345262547185e-01
9.400000000000000000e+01 9.999997273298029121e-01 9.115684154395331529e-01 9.999996732435048052e-01 9.111271748491293065e-01
9.600000000000000000e+01 9.999998844150114197e-01 9.223140411950715434e-01 9.999998614877987357e-01 9.217107224695622048e-01
9.800000000000000000e+01 9.999999510034865979e-01 9.323361762456506829e-01 9.999999412846409808e-01 9.317580160847156456e-01
1.000000000000000000e+02 9.999999792303627677e-01 9.416819125018912606e-01 9.999999751105377310e-01 9.411862179437070486e-01
1.020000000000000000e+02 9.999999911957444532e-01 9.504323735015161034e-01 9.999999894493459829e-01 9.499861373520318564e-01
1.040000000000000000e+02 9.999999962678733922e-01 9.586473007010692937e-01 9.999999955275747920e-01 9.581984009529039836e-01
1.060000000000000000e+02 9.999999984179503976e-01 9.663631227726793282e-01 9.999999981041388653e-01 9.658272444091594577e-01
1.080000000000000000e+02 9.999999993293686718e-01 9.735530635596925109e-01 9.999999991963399726e-01 9.728257089937554225e-01
1.100000000000000000e+02 9.999999997157191789e-01 9.800464888878449576e-01 9.999999996593303964e-01 9.791002990680472973e-01
1.120000000000000000e+02 9.999999998794932843e-01 9.855758273483031795e-01 9.999999998555879621e-01 9.845129691916696402e-01
1.140000000000000000e+02 9.999999999489171953e-01 9.899626572731696772e-01 9.999999999387840788e-01 9.889422056523982096e-01
1.160000000000000000e+02 9.999999999783459881e-01 9.932234233896272135e-01 9.999999999740528667e-01 9.923623616831911409e-01
1.180000000000000000e+02 9.999999999908208981e-01 9.955253354858286663e-01 9.999999999890011315e-01 9.948648088048405169e-01
1.200000000000000000e+02 9.999999999961090014e-01 9.970906663247635082e-01 9.999999999953360641e-01 9.966165696683343400e-01
